$ANSIBLE_VAULT;1.1;AES256
62616633346661666263623536353132363061633139366238326636343737633634646164396663
6161306630303936613835383464636434393937613836640a376335316237653338613037373062
65323564316136656235663433336536353639633765346239306230396264396338646133316464
6631393361613639330a396363373831613561643532303737346339316438663764313962373065
39343232633966396638613766316237653461393363663139346136646463376535383937346131
64343562616366346131636236636534396262663366623639326335303137613462343438343361
64323438653037353438386633616666316132313530346665316464323330623665363861343331
38303235373634313234613663353431666664363134383837316664633464633164326264613262
63633134343635663331376162386363353133623063623663393966613235313937393634643835
65386134616131386565666137383535393430313637633438316461643937313334356565633766
63653234666537323535643339656637343333326535336365333462663665626136383439633739
61383761666232626635346564363834353437376136626338636139356562663064666462313465
38656336613039613130343636363439646335636235643839643639353835306161326361656262
65373363396365363766616466663762636663373133636263323861353035326433656163613832
65623664623739353132623161643338633734653239313365313162366433376663356161613237
65326234613664393432636531313736616636643930373964356463376366383833323236323863
31356634366361373830303336303230636131373138333564353935353162623661343363306636
33393430663533616139306132653438393562663933373836333534613365313730663534346562
38383634393362333030326562326466333537663439633963336133653863383662323630366232
65626537666138626530373931356135656163323232653966376162346335363338343935393139
34346263623531623230646338656338616666373662346561313663616665313164633730386336
62643562343734623931643862353331653334636266306462323366323631353031623531363630
33636230366265363763363734616233656538373937316533626635306433353335623163363832
32316562623062396665666231316431396339623266366339653637373833396637653436373162
30613061353638663037653531366530613363633065383261353763636636656134663236383466
38363237636130353034643638356437386361353161633136353166396365323237656639353364
35313834353434626161616161386431326233313562343662313131353333373631303935383437
39653563383139656138
