$ANSIBLE_VAULT;1.1;AES256
39623364386265663961373365333866336362373930333331656162386236666231323430343566
6334356635386566636530366134663931336663346338610a616462313231663338346338326439
38346338333030376432623334616531636430633464363235356137653166356163653239363235
6566346561343263630a636563376366323437646135623238663338336366663839373262323734
32616661666230653730383437303366666334636234616565633564663061336530626132323936
37393937653461303566383935626335363033623164353862313235616438643464643736343833
64366537326531393130313830373039356435303736616465336666316565386163333264373135
37326564363862383065353466333138366331626539636336373932633433656430373661656161
33326633303565303766666262393163626366393039666130363365653035643138373263343530
35613235396336336465323735386430376434393864616433643361356461613264323134623537
65623630303236616162396366386334323564653931383761366163643436323331643163613133
64366332356334333131656137613466383330303631653832326262306165373538613030643636
31393363646334643033613233336537303766643661616439623864363461626336356231303738
39303566343965363235376331613734623330356266336264633164633361623562636630643331
32393937633237323631646463393838636262666334633364366662313464313030613136356162
39323138646239383462386265323836393933333564363530363038333862353136303863353038
36326433313762326339636138376538343438343862396336333837386639646165663461633666
34343866383535343030613136616338616362303831626330303239396262373339303839376534
35323631333633386461393763356238353461363139373466306531386132303432633034396132
37643964376430303735623061393463313030303663343139393763363132343865356333353836
63333930343163333263343566623034656336616365636537663561366565653732326139636233
63616537323136633532663239376631616233643832626339333130313333336331393032383835
32386330396262333139336466393062303465363461643731623233646536363138396464363062
64636533333337343564353535626135653031376334623833316537653432303364613966613261
38313330616331383161363336316237666433353532326535383531393831643838316234376365
65303834386663373037313736626431353339336137323638326632306364383632373036623031
32363137396130353363633530653335396561646165356333343333343136353234346238306261
65353132353532643735
